live playerRadius=0.38
radius=0.36 sizes=[[0,36156],[1,54]]
small comp 1 size=54 cells=(26.75,26.50) (27.00,26.50) (27.25,26.50) (27.50,26.50) (27.75,26.50) (28.00,26.50)
radius=0.38 sizes=[[0,35775],[1,54]]
small comp 1 size=54 cells=(26.75,26.50) (27.00,26.50) (27.25,26.50) (27.50,26.50) (27.75,26.50) (28.00,26.50)
radius=0.39 sizes=[[0,35426],[1,54]]
small comp 1 size=54 cells=(26.75,26.50) (27.00,26.50) (27.25,26.50) (27.50,26.50) (27.75,26.50) (28.00,26.50)
radius=0.4 sizes=[[0,35070],[1,54]]
small comp 1 size=54 cells=(26.75,26.50) (27.00,26.50) (27.25,26.50) (27.50,26.50) (27.75,26.50) (28.00,26.50)
live playerRadius=0.38
radius=0.36 sizes=[[0,36156],[1,54]]
small comp 1 size=54 cells=(26.75,26.50) (27.00,26.50) (27.25,26.50) (27.50,26.50) (27.75,26.50) (28.00,26.50)
radius=0.38 sizes=[[0,35775],[1,54]]
small comp 1 size=54 cells=(26.75,26.50) (27.00,26.50) (27.25,26.50) (27.50,26.50) (27.75,26.50) (28.00,26.50)
radius=0.39 sizes=[[0,35426],[1,54]]
small comp 1 size=54 cells=(26.75,26.50) (27.00,26.50) (27.25,26.50) (27.50,26.50) (27.75,26.50) (28.00,26.50)
radius=0.4 sizes=[[0,35070],[1,54]]
small comp 1 size=54 cells=(26.75,26.50) (27.00,26.50) (27.25,26.50) (27.50,26.50) (27.75,26.50) (28.00,26.50)
live playerRadius=0.38
radius=0.36 sizes=[[0,36156],[1,54]]
small comp 1 size=54 cells=(26.75,26.50) (27.00,26.50) (27.25,26.50) (27.50,26.50) (27.75,26.50) (28.00,26.50)
radius=0.38 sizes=[[0,35775],[1,54]]
small comp 1 size=54 cells=(26.75,26.50) (27.00,26.50) (27.25,26.50) (27.50,26.50) (27.75,26.50) (28.00,26.50)
radius=0.39 sizes=[[0,35426],[1,54]]
small comp 1 size=54 cells=(26.75,26.50) (27.00,26.50) (27.25,26.50) (27.50,26.50) (27.75,26.50) (28.00,26.50)
radius=0.4 sizes=[[0,35070],[1,54]]
small comp 1 size=54 cells=(26.75,26.50) (27.00,26.50) (27.25,26.50) (27.50,26.50) (27.75,26.50) (28.00,26.50)
live playerRadius=0.38
radius=0.36 sizes=[[0,36156],[1,54]]
small comp 1 size=54 cells=(26.75,26.50) (27.00,26.50) (27.25,26.50) (27.50,26.50) (27.75,26.50) (28.00,26.50)
radius=0.38 sizes=[[0,35775],[1,54]]
small comp 1 size=54 cells=(26.75,26.50) (27.00,26.50) (27.25,26.50) (27.50,26.50) (27.75,26.50) (28.00,26.50)
radius=0.39 sizes=[[0,35426],[1,54]]
small comp 1 size=54 cells=(26.75,26.50) (27.00,26.50) (27.25,26.50) (27.50,26.50) (27.75,26.50) (28.00,26.50)
radius=0.4 sizes=[[0,35070],[1,54]]
small comp 1 size=54 cells=(26.75,26.50) (27.00,26.50) (27.25,26.50) (27.50,26.50) (27.75,26.50) (28.00,26.50)
live playerRadius=0.38
radius=0.36 sizes=[[0,36156],[1,54]]
small comp 1 size=54 cells=(26.75,26.50) (27.00,26.50) (27.25,26.50) (27.50,26.50) (27.75,26.50) (28.00,26.50)
radius=0.38 sizes=[[0,35775],[1,54]]
small comp 1 size=54 cells=(26.75,26.50) (27.00,26.50) (27.25,26.50) (27.50,26.50) (27.75,26.50) (28.00,26.50)
radius=0.39 sizes=[[0,35426],[1,54]]
small comp 1 size=54 cells=(26.75,26.50) (27.00,26.50) (27.25,26.50) (27.50,26.50) (27.75,26.50) (28.00,26.50)
radius=0.4 sizes=[[0,35070],[1,54]]
small comp 1 size=54 cells=(26.75,26.50) (27.00,26.50) (27.25,26.50) (27.50,26.50) (27.75,26.50) (28.00,26.50)
